000 142 147 146 029 030 086 057 160 151 160 155 
001 142 147 146 030 030 124 063 160 151 160 156 
002 142 148 147 032 032 297 076 161 151 161 156 
003 142 148 147 031 031 285 080 160 150 158 155 
004 142 147 146 030 030 285 083 159 148 157 154 
005 141 147 146 031 031 273 083 158 147 155 153 
006 141 146 145 035 033 079 043 158 146 153 152 
007 140 145 144 036 034 205 052 158 147 156 153 
008 140 145 144 036 034 273 054 158 147 157 154 
009 140 145 143 037 035 273 053 160 150 162 157 
010 140 145 144 034 033 273 072 160 151 162 157 
